"Proteobacteria","Firmicutes","Bacteroidetes","Actinobacteria","Fusobacteria","Cyanobacteria","OD1","TM7","Deinococcus.Thermus","Nitrospira","Planctomycetes","Chloroflexi","BRC1"
"Sample1",0.997256775332073,0.00133289383690095,0.00077811953084544,0.000265856132121418,0.000287892784111978,5.21425316932037e-05,1.31715919896968e-05,8.78931827039933e-06,2.97129697434922e-06,9.91405806366073e-07,1.98120726239558e-07,1.98118485390126e-07,0
"Sample2",0.283331313214703,0.446945987225601,0.0918868154861391,0.0795151905751345,0.0805576091065834,0.011932011005698,0.00291032593155145,0.00195960586537526,0.000655441154817233,0.000218370695613773,4.36586828697291e-05,4.3671055913618e-05,0
"Sample3",0.390623864903598,0.36946828561103,0.155921859499215,0.040805688075487,0.0350989378667691,0.0054282828472806,0.00132941091859486,0.000888805200115002,0.000296606359435489,9.87594531132991e-05,1.97517482075864e-05,1.97475171526557e-05,0
"Sample4",0.733331599429804,0.239620941082495,0.0162871631102819,0.00491110065189689,0.00460383570434484,0.000824545103696001,0.00021036195408902,0.000141055459756082,4.73071867965785e-05,1.5776285359813e-05,3.15701003141491e-06,3.15702144924955e-06,0
"Sample5",0.43634863089887,0.373574064888587,0.0799069637322895,0.0429770741471245,0.0543072015603962,0.00863201157255571,0.00212353536539765,0.00143384425322893,0.000475328581282814,0.000158136055416775,3.16085467094245e-05,3.16003981408664e-05,0
"Sample6",0.989728127562982,0.00655093844043188,0.00187180222246949,0.00074719833627899,0.000878262075732825,0.000149445130833224,3.71362573207547e-05,2.5017297358696e-05,8.23124953697224e-06,2.74468329743764e-06,5.48197765971292e-07,5.48545995187513e-07,0
"Sample7",0.949955174451564,0.0410736104882678,0.00359341512609067,0.00230169026017215,0.0025537431988157,0.000346369565061821,8.82185126592936e-05,5.94340561225146e-05,1.93346605231222e-05,6.43503746100844e-06,1.28714827746926e-06,1.28749498699585e-06,0
"Sample8",0.63846046005464,0.334859903190504,0.0119647478485451,0.00705679500689544,0.0063610506467925,0.000857648238514541,0.000219296814933988,0.000148249783263822,4.8954396619971e-05,1.63519661297085e-05,3.27110948673233e-06,3.27094367441387e-06,0
"Sample9",0.959557257737609,0.0202299037470428,0.009909664816727,0.00486665145557374,0.00437084788032948,0.000713669046831655,0.000175927221987417,0.000117591258021716,3.98653931941286e-05,1.33021961678616e-05,2.65959798287116e-06,2.65964853425373e-06,0
"Sample10",0.831319031082709,0.0735294529707446,0.0458846381256315,0.0237818476671775,0.0212331121831035,0.00284632902503881,0.000702545297400116,0.000473498444465585,0.000156502405152053,5.21611435567793e-05,1.04410535795538e-05,1.0440601440471e-05,0
"Sample11",0.916134967637127,0.0220852491124034,0.0251986101681013,0.0158077475970616,0.0170385421271592,0.00244308291001642,0.000646178591901331,0.000434995603147125,0.000143632775172694,4.7844742620347e-05,9.57359883607991e-06,9.575136452234e-06,0
"Sample12",0.178840571507372,0.690481759946336,0.0654101134632225,0.0310853453689566,0.0280198756563045,0.0040821227868661,0.00104056225469557,0.00069904692628414,0.000232313273396003,7.73380731253857e-05,1.54752942866418e-05,1.54754491541825e-05,0
"Sample13",0.724749003530447,0.260234321121543,0.00647861976766891,0.00353291847844672,0.00416932356816085,0.0005583745168755,0.000138475323333,9.36304091754291e-05,3.09080604711121e-05,1.03080712226029e-05,2.05903894267642e-06,2.05811371351637e-06,0
"Sample14",0.956389715148918,0.0371428959221901,0.00323548367516749,0.00128196690219696,0.00154288982505185,0.000273172314041813,6.69159340100681e-05,4.48773013559514e-05,1.50466040205912e-05,5.02560092782875e-06,1.00523519719276e-06,1.00553692523775e-06,0
"Sample15",0.980675256993864,0.0119574670255444,0.00363679979300344,0.00164510138879679,0.00169703823160377,0.000259331264226192,6.45520877140016e-05,4.32918252148754e-05,1.44261836731275e-05,4.81076186979449e-06,9.62107390359e-07,9.62337095497227e-07,0
"Sample16",0.519322401362504,0.280061574574254,0.0837589660213602,0.0542379212929053,0.0495271328227822,0.00874304681236589,0.00217331709946115,0.00146056477590817,0.000487161738735416,0.000162791229282928,3.25591516394419e-05,3.25631188018978e-05,0
"Sample17",0.9752759414912,0.014177804624122,0.00476140993868307,0.00274108353460813,0.00246340834138037,0.000386510683476508,9.70244263520164e-05,6.48126959383613e-05,2.18150951664691e-05,7.27761788640417e-06,1.45587526724643e-06,1.45567592077135e-06,0
"Sample18",0.767137014835967,0.185741594412542,0.0183940167586304,0.0133153750345971,0.0130655912926745,0.00156465555313113,0.000392031245150979,0.000262791726421699,8.65906239229493e-05,2.88046895233659e-05,5.76716474886409e-06,5.76666268951655e-06,0
"Sample19",0.865356656863635,0.131344349697512,0.00116466985272129,0.00102056407850264,0.000926540937380773,0.000124754893220094,3.12116079098751e-05,2.09507336918506e-05,7.019834119883e-06,2.34421254091468e-06,4.6858360233866e-07,4.68705163463942e-07,0
"Sample20",0.484413293951769,0.36050896180956,0.0672302104357492,0.0436171557074908,0.0373789848873636,0.00455066772871096,0.00114957466055148,0.000776328470604841,0.000255687255788153,8.50962801560437e-05,1.70197176051627e-05,1.7019094650091e-05,0
"Sample21",0.829263844129058,0.117993456295499,0.0241349982274164,0.0116719533120462,0.0138794211961116,0.00203200731131378,0.000513002908410528,0.000345551949862522,0.000113085264991575,3.76304774906945e-05,7.52478114266527e-06,7.52414665660979e-06,0
"Sample22",0.678497772143098,0.161696205103695,0.0788958917992495,0.0407036816546365,0.0329262984448147,0.00485252234754959,0.0012142620621516,0.000809215457493382,0.000275641830448044,9.17647063244318e-05,1.83768577572991e-05,1.83675927808917e-05,0
"Sample23",0.461642566413028,0.423358005375415,0.0464890787803026,0.032251920000274,0.0291468361486174,0.00479593875059823,0.00116022429150428,0.000777863248718505,0.000257300166958326,8.59137564522625e-05,1.71730479001397e-05,1.71800202306791e-05,0
"Sample24",0.924376835177554,0.0750115118158396,0.00023686468448999,0.000155682410870897,0.000176835387722262,2.81069739230196e-05,7.08889503244396e-06,4.76691764365963e-06,1.57315267600633e-06,5.24675653546789e-07,1.04973560097733e-07,1.0493503023021e-07,0
"Sample25",0.981754468469909,0.0101185520294635,0.00417850921528347,0.00157966188144752,0.00192339717361375,0.000298414952375982,7.34712320169481e-05,4.92931892226367e-05,1.65203776728993e-05,5.50786204936735e-06,1.10168020154402e-06,1.10193674722786e-06,0
"Sample26",0.962669416387345,0.0233163142720045,0.00504876345117467,0.00462235292021845,0.00357737741844814,0.000508971727198013,0.000128101443535667,8.7052597732526e-05,2.84168916622431e-05,9.45088556646373e-06,1.8908742616986e-06,1.89113085018485e-06,0
"Sample27",0.477388698191762,0.217482874065563,0.162230392541335,0.0717229219570813,0.0587847692581735,0.00829395627414604,0.00205141125711815,0.00136946310463804,0.000460528665579089,0.000153566587530742,3.07128850718538e-05,3.07052120021993e-05,0
"Sample28",0.590174547920566,0.207727305928218,0.0995836278172982,0.045905317035346,0.0464898498681233,0.00669871354166374,0.00171041385906021,0.00114599224733421,0.000384645778891397,0.000128260801512736,2.56572831882385e-05,2.56679187980312e-05,0
"Sample29",0.919166248020718,0.0679517501869979,0.00767997914631692,0.00235582753999653,0.00236091031403349,0.000324208436683733,8.05392216030406e-05,5.42561430869937e-05,1.79254092783313e-05,5.96768128768809e-06,1.19410622768309e-06,1.19379377109311e-06,0
"Sample30",0.575828892691193,0.200153222866573,0.0832256006621806,0.0688381909103595,0.0610600686322128,0.00730455257551057,0.00179830919760213,0.00119889584948922,0.000403833566645707,0.000134559531240183,2.69414510272138e-05,2.69320659667378e-05,0
"Sample31",0.831433661314544,0.124850614174926,0.0143428739078977,0.0130894825293517,0.0134224592472705,0.00191642141723598,0.000471140366071166,0.000318556188540327,0.000105548537423984,3.51797997315643e-05,7.03217409800555e-06,7.03034290898848e-06,0
"Sample32",0.924622196666136,0.049615885700014,0.0149184568698174,0.00549146572679983,0.00439822674137945,0.000629761509407368,0.000161803170389485,0.000109763715044122,3.57519088920282e-05,1.19173343638756e-05,2.38549599708379e-06,2.38516175836791e-06,0
"Sample33",0.933182373094736,0.035484787892454,0.00795938596111633,0.010818745854387,0.009797804034476,0.00187114193662995,0.000442242937522333,0.000302166382424682,9.64386093879427e-05,3.20792881090498e-05,6.41715231234368e-06,6.41685644293117e-06,0
"Sample34",0.717592753387931,0.164617032741125,0.0362806884972952,0.0386874017916444,0.0344345810232125,0.005625560115151,0.00138220394139503,0.000927554401155046,0.000308282320517544,0.000102811921404143,2.05671864353421e-05,2.05626727331131e-05,0
"Sample35",0.577967982700645,0.379882409874594,0.0197886432926133,0.009744209781539,0.0103765829756212,0.00149332085905459,0.000373417731665089,0.000251478971615783,8.31954400703963e-05,2.76853192113894e-05,5.53728327009453e-06,5.53577010037852e-06,0
"Sample36",0.969928797666773,0.0273881252317772,0.00127273013647779,0.000611506099152885,0.000626884193899355,0.000114020083863947,2.8934739997017e-05,1.94500676083532e-05,6.51413991720921e-06,2.16968337875519e-06,4.33895095791571e-07,4.34062057175605e-07,0
"Sample37",0.909415062573518,0.0701719096807159,0.00836191833274173,0.00569697899490805,0.00519873501922969,0.00078626554095283,0.000184489233665047,0.00012458889668543,4.09279028423505e-05,1.36578591853894e-05,2.73289964815787e-06,2.73306591088115e-06,0
"Sample38",0.964365245975164,0.0178567023282655,0.00965807982325164,0.00333076931358242,0.00400667794719472,0.000526795189013206,0.000127670579633738,8.62946805219447e-05,2.84767230020864e-05,9.49165979131173e-06,1.89793783533341e-06,1.89784274523721e-06,0
"Sample39",0.805846496099479,0.111242404864992,0.0337595362904421,0.0216603983932494,0.0219303164254556,0.00368954747054549,0.000934626454524345,0.0006273810158022,0.000210783710709858,7.03812360974407e-05,1.40647712498641e-05,1.40632674532244e-05,0
"Sample40",0.977090349038773,0.0215521645863494,0.00073407426570794,0.000315682082258767,0.000250133954290855,3.91868394484104e-05,9.20541082908836e-06,6.12178811771336e-06,2.10164003796365e-06,7.00110816097945e-07,1.40143936043357e-07,1.40139434040598e-07,0
"Sample41",0.802533280909638,0.180039615700386,0.00925046361633427,0.0038757358801723,0.0035040398888009,0.000527105957201771,0.00013477162768076,9.05877479945504e-05,3.02543282414794e-05,1.01022963500496e-05,2.02129292377333e-06,2.02075427585191e-06,0
"Sample42",0.589565120242871,0.373454848708619,0.0120599316928855,0.0110828235725982,0.0115802585244789,0.00152359913343571,0.000366165807174052,0.000246095384184224,8.26751849000044e-05,2.74889183397946e-05,5.49625909308078e-06,5.49657142030977e-06,0
"Sample43",0.846127115095369,0.0519799868078906,0.0437044326786642,0.0291019552616636,0.0238904251266759,0.00348834150972332,0.000852887713502316,0.000576497516696742,0.000189647603963059,6.33581735910931e-05,1.26757615991909e-05,1.26767506611009e-05,0
"Sample44",0.986697354042836,0.00799521531902091,0.00197598742151713,0.00157403814454133,0.00138834461674485,0.000247521150174405,6.05864318447595e-05,4.11668986225905e-05,1.34916558566881e-05,4.49518207527027e-06,8.99599038242452e-07,8.9953772329638e-07,0
"Sample45",0.828338386078057,0.0920644276527827,0.0287540842264309,0.0215161473343393,0.0248018404710031,0.00300517807406383,0.00075989660338118,0.000505389448902227,0.000173510968516177,5.79714442474775e-05,1.15810344535282e-05,1.15866638228622e-05,0
"Sample46",0.873495231265354,0.101831158706787,0.0135659555067831,0.00575268778627883,0.00435631296878722,0.000671130062953237,0.000163322978092365,0.000110379994942397,3.66803877236665e-05,1.22425221572516e-05,2.44848741423251e-06,2.44933272657844e-06,0
"Sample47",0.772721815802966,0.107229857595894,0.0701600498268821,0.0211794070757412,0.0236399149751934,0.00341265483009043,0.000827653856768636,0.000559269202309441,0.000183687441814834,6.11883681278347e-05,1.22509693899454e-05,1.22500548226759e-05,0
"Sample48",0.145690046856213,0.769414257393484,0.0371505210189504,0.0219387871569971,0.0211905929140742,0.00310071154344625,0.000759383031758725,0.000506037834939356,0.000170239831499787,5.67327062684915e-05,1.13457692355932e-05,1.13439431335145e-05,0
"Sample49",0.616680527928871,0.297122296252433,0.0386215346454642,0.0213036020565236,0.0211223506453113,0.0034429259321253,0.000853224563969904,0.000572666158776825,0.000191590095151396,6.37695720841614e-05,1.27560530442687e-05,1.27560962456267e-05,0
"Sample50",0.932116954636873,0.0500425199633453,0.00784595400822967,0.00447396002028149,0.00423705018754664,0.000848887162540726,0.000217757238209823,0.000146707300605479,4.78365933276937e-05,1.5980551704298e-05,3.19652269557647e-06,3.19581463809738e-06,0
