"Proteobacteria","Firmicutes","Bacteroidetes","Actinobacteria","Fusobacteria","Cyanobacteria","OD1","TM7","Deinococcus.Thermus","Nirtospira","Planctomycetes","Chloroflexi","BRC1"
"Sample1",0.782788692059837,0.0450617613472593,0.0248659821541157,0.0366937370996032,0.0897245590938583,0.0138802269362811,0.00350113386363018,0.00235055522136486,0.00077238386743001,0.00025786288574348,5.15497791363454e-05,5.15556917404034e-05,0
"Sample2",0.795446811679254,0.167195367974481,0.00829410040349795,0.00560801826926169,0.0192172849429753,0.00283482323934942,0.000703503612272136,0.000472283559366023,0.000155333211885453,5.17442157741923e-05,1.03628980794002e-05,1.03659938035368e-05,0
"Sample3",0.159294697196065,0.356784613988925,0.076546948153683,0.0863501464652922,0.264996629991868,0.0374862125851516,0.0092862944255941,0.00621131115768042,0.00207543143030195,0.000691129056157584,0.000138263370104715,0.000138322179176682,0
"Sample4",0.597854332491727,0.236231341695681,0.0284362566660256,0.018213493093542,0.0926822403506183,0.0178021197448587,0.0043938063243094,0.00294804101360215,0.000980826218422784,0.000326830544603608,6.53525652818937e-05,6.53592913274563e-05,0
"Sample5",0.581281517907202,0.233120576662553,0.0090131020797941,0.0393712154499745,0.109351653518698,0.018531768814875,0.00466133178116074,0.00313418697660616,0.0010471645237345,0.000348177752754803,6.96416798414661e-05,6.96628528062543e-05,0
"Sample6",0.974444715907934,0.0194337688662588,0.000386316903182036,0.00113544093355344,0.00389518440097935,0.000474238534520397,0.000115352226848368,7.73310699928973e-05,2.56583236029104e-05,8.56312060939722e-06,1.71485468411826e-06,1.71485783411861e-06,0
"Sample7",0.836838248664397,0.120492583911126,0.0110914413510254,0.00615015334636955,0.0209489318869669,0.003001538999001,0.00073872877617073,0.000493552427297693,0.000166777167337647,5.57686958707532e-05,1.11393697443431e-05,1.11354046925539e-05,0
"Sample8",0.914318080250542,0.0614180350839581,0.00457833900571918,0.00261899315579553,0.0138699412475217,0.00213490957939188,0.000528794836366457,0.000361134351871101,0.000117107443337665,3.90544259616234e-05,7.80488639979616e-06,7.80573313458874e-06,0
"Sample9",0.948870357714376,0.0338243664196764,0.0046695185255443,0.00277269538911497,0.00824022876864195,0.00107686797835865,0.000273706545201303,0.000183262488232659,6.07275722155331e-05,2.01898767308048e-05,4.03981988441962e-06,4.03890202307219e-06,0
"Sample10",0.999287204778485,0.000130524188724532,0.000116110357964515,6.8987448858172e-05,0.000317435129790195,5.37860816177009e-05,1.29558064358427e-05,8.63943714284846e-06,2.96740467885589e-06,9.92367863867003e-07,1.98434290098852e-07,1.98564148057005e-07,0
"Sample11",0.441707975880508,0.167150682146965,0.255846926068108,0.0256417235439695,0.0904834250342996,0.0127819300566171,0.00319456749708861,0.00215473899579631,0.000707536909853447,0.000235999375074828,4.72473577783008e-05,4.72471339408082e-05,0
"Sample12",0.890910519499475,0.0558727175310893,0.0168260528949547,0.00658496427431938,0.0240730538195537,0.00384570402175871,0.000944669322444478,0.000629658036251025,0.000213185562882442,7.10288994211118e-05,1.42210920158451e-05,1.42250458340126e-05,0
"Sample13",0.539101029971715,0.0934307592410955,0.0498455464692071,0.0503665439680675,0.224381604515939,0.0284048381211271,0.00724195222191235,0.00486545575440593,0.00161097995343481,0.000536694207942666,0.000107287495775933,0.000107308079376511,0
"Sample14",0.859009707596635,0.0505931290722635,0.0181077405961662,0.0148034899365126,0.0466149180679721,0.00731419102283158,0.0017824112234241,0.0011840401197622,0.000402335100493096,0.000134326947995047,2.68543621399615e-05,2.68559538048029e-05,0
"Sample15",0.935806215888573,0.0263446006412833,0.00616120625723408,0.00649070573538141,0.0207085721222629,0.00296984199741557,0.000756854610834342,0.000509572343474755,0.000171982304326772,5.74557382471478e-05,1.14954225892997e-05,1.1496938377086e-05,0
"Sample16",0.743496672055064,0.161214799816691,0.0335052541937008,0.013485284514034,0.0393434284511951,0.00600346442475456,0.00147514608627204,0.000992466579640009,0.000329614464807093,0.000109924436670823,2.19748436454016e-05,2.19701335255353e-05,0
"Sample17",0.795088834981284,0.0972211020421592,0.0440190030316501,0.0143410175290166,0.0398545248370569,0.00629931356608612,0.00158494789357229,0.00107534793664745,0.000351981983754676,0.000117089152371343,2.34213755810033e-05,2.34156708204506e-05,0
"Sample18",0.936834329625729,0.0145439477359998,0.0144490400021862,0.00630912903015617,0.0230094141772525,0.00323795569382206,0.000807990916363735,0.000543723975314189,0.00018038152580967,6.00743485275469e-05,1.20099786419406e-05,1.20029901969205e-05,0
"Sample19",0.792764443103056,0.137275007324747,0.00672405127706203,0.0125779368020256,0.0416649925453547,0.00601438883227864,0.00148899001663089,0.000996776032483526,0.000336430141309246,0.000112135167250566,2.24290166621774e-05,2.24197411395925e-05,0
"Sample20",0.750866505082743,0.180216631505128,0.0301618759470553,0.00585349843131243,0.0267626871427794,0.00407573015714777,0.00103070606912824,0.000694691337118149,0.000230181710363252,7.67784111874451e-05,1.53564099899683e-05,1.53577960466482e-05,0
"Sample21",0.60698100579023,0.201400811049647,0.0607314406969919,0.0225466536252766,0.0847008801533526,0.015985978717766,0.00382173335756955,0.00259263500421483,0.000844548002274647,0.000281629927980944,5.63267688767016e-05,5.63569058186533e-05,0
"Sample22",0.719393769583475,0.212766946618187,0.0217735035907541,0.00577343512074894,0.0327715590797378,0.00502936421034474,0.00124506653249693,0.000838675544536527,0.00027819089296714,9.25024415670288e-05,1.84926130992319e-05,1.84937720859645e-05,0
"Sample23",0.809152834101776,0.0484350633569654,0.0521692853765273,0.0141278112330073,0.0628480923072991,0.00889742534608567,0.00218735616352449,0.00146590789326309,0.000488573052031891,0.000162590495461871,3.2523902298598e-05,3.25367717593609e-05,0
"Sample24",0.862464078200721,0.0760444014115489,0.0219163237762359,0.00517632920479941,0.0271634007630191,0.00481027573680584,0.00121186876751851,0.00081500031214267,0.00027151647990131,9.05636834795962e-05,1.81144840837167e-05,1.8127179744117e-05,0
"Sample25",0.942781026428638,0.0490880381934715,0.00184175277589468,0.000842613035308925,0.00447356760138133,0.000647079857449836,0.000163061419700885,0.0001097502751773,3.62119278023684e-05,1.20705728201049e-05,2.41394592463407e-06,2.41396642990833e-06,0
"Sample26",0.490500911627132,0.248159349323546,0.0360150632252541,0.0467711882256507,0.146287081465873,0.0216181539434814,0.00533158457728429,0.00357877586456113,0.00118568009189695,0.000394385858626798,7.89069115487629e-05,7.89188851452048e-05,0
"Sample27",0.769369687458865,0.193116985881268,0.00954571923303992,0.00621638829053004,0.0180630692806926,0.00242781011819042,0.000629353621466741,0.000425977697742562,0.000139839964138632,4.65527622564568e-05,9.30815882477948e-06,9.30753298497408e-06,0
"Sample28",0.776400685887261,0.0910923621808782,0.0395072348849258,0.0210658234709922,0.0596080120937386,0.00824510726825084,0.00204307052313374,0.00136822140970645,0.000456416877738602,0.000152188110608996,3.04396531182897e-05,3.04376396476138e-05,0
"Sample29",0.689710271518129,0.245666293814428,0.0178366966633437,0.00798885729053198,0.0319352599414756,0.00458121202866185,0.00113921686578111,0.000770494391499227,0.000253264400343855,8.45974890331148e-05,1.69182415575473e-05,1.6917355215681e-05,0
"Sample30",0.808517163320694,0.130841375338167,0.0177801093615792,0.00940787684651661,0.0266658600673951,0.00456519790754823,0.00111159528566738,0.000744947622440052,0.000249542416643868,8.30923182250353e-05,1.66167072422923e-05,1.66228078805579e-05,0
"Sample31",0.875455001865729,0.0980468618591635,0.00795952934267261,0.00271681547669406,0.0126562440633662,0.00213686772942834,0.000514360273456749,0.000342860854193089,0.000116916485452166,3.89593943016019e-05,7.79347910220395e-06,7.78917644020822e-06,0
"Sample32",0.999128476925382,0.00057064959608689,4.22217002134928e-05,5.7232005112807e-05,0.000161806947478698,2.62008233531439e-05,6.70795823834791e-06,4.49899961321144e-06,1.50219203715669e-06,5.02022067320749e-07,1.00427838582914e-07,1.00402578145867e-07,0
"Sample33",0.859425135471796,0.081421631841581,0.0113506033792345,0.00839853475532009,0.0336711840796887,0.00379211461627942,0.000967049345545865,0.000656016651796784,0.000216674066212544,7.21651248330304e-05,1.44454847517482e-05,1.44451829598857e-05,0
"Sample34",0.941576418464284,0.0370223503046221,0.0115788349159649,0.00209135553518612,0.00619167112082823,0.00102182105008428,0.000257956018833631,0.000174362632643546,5.81051337739255e-05,1.93777657432814e-05,3.87353752927598e-06,3.87352050677127e-06,0
"Sample35",0.353163919753043,0.33608694352147,0.0251807490400667,0.0580135816621933,0.187796457720717,0.0263775997994781,0.00666030701186809,0.00451274581329453,0.00150541247406678,0.000501537828065128,0.000100340834133297,0.000100404541604679,0
"Sample36",0.438600626367945,0.227403530631954,0.113253741876759,0.0455958324622424,0.141250711960333,0.0225045352622194,0.00569790095021769,0.00386431151807802,0.00124702270442982,0.00041548337791758,8.3162247483884e-05,8.31406404210489e-05,0
"Sample37",0.39724598998951,0.395089850204262,0.063262399919239,0.0341518621538619,0.0886742904068401,0.014490438484745,0.00354839460634515,0.00235560340810436,0.000805729737446069,0.000268181490394365,5.36399621298425e-05,5.36196371224142e-05,0
"Sample38",0.292374923960614,0.627148750857641,0.0157880662093513,0.00862578347870484,0.0458287816370497,0.00678822602521072,0.00172289083377097,0.00115353929721939,0.000387800281818658,0.000129440562471313,2.59007489830757e-05,2.58961071643414e-05,0
"Sample39",0.873014551943311,0.0605932391435576,0.0173161876220313,0.00672831997332784,0.0342716252564194,0.00534319287358132,0.00136479169700901,0.000921558669953299,0.000304271582502257,0.000101602937801793,2.03289957578416e-05,2.03293047477164e-05,0
"Sample40",0.563135709064768,0.217068176405907,0.060544857474151,0.0360084884529702,0.101800792458155,0.0142763341105153,0.00357563347363794,0.00241488713180199,0.00080089377652039,0.000267345153036935,5.34497289055808e-05,5.34327696316401e-05,0
"Sample41",0.863706001853701,0.0328177218699042,0.019410868210736,0.0175027804632487,0.0515641527076624,0.0100088722648398,0.00249157400369673,0.00168671945230567,0.000552746422226525,0.00018472617229975,3.69190268586413e-05,3.69175525207744e-05,0
"Sample42",0.0705020676541295,0.514636698030246,0.0900023189932842,0.0616237155598607,0.221510518373917,0.0277948768284581,0.00699340159280131,0.00467358789564321,0.00154347504714265,0.000513809611730119,0.000102791184448907,0.000102739228338872,0
"Sample43",0.21979515436895,0.43182314405822,0.0228676551981678,0.0800560336942985,0.197060550473742,0.0321934918825201,0.00805727586787105,0.00548429121017209,0.00181500386072509,0.000605464278410327,0.000120997250160088,0.000120937856762386,0
"Sample44",0.967578819317989,0.023092897204592,0.00397885159923408,0.00106492433484513,0.00342150629761986,0.000573816596745544,0.000144205034373219,9.72585573173335e-05,3.25309760241066e-05,1.08526699722611e-05,2.16917489347213e-06,2.16823639369752e-06,0
"Sample45",0.214163828751505,0.430109468512902,0.125351507239556,0.0384879884516647,0.159236310742152,0.0217837690445764,0.00542322149948089,0.00369543961413739,0.00119183124690432,0.000397773486598695,7.94235375792054e-05,7.94378729429425e-05,0
"Sample46",0.983001328466876,0.00526565526207368,0.00129463495961399,0.00134243782591864,0.00737913751271993,0.0011557970504056,0.000280727021364669,0.000189237186208613,6.21313312181455e-05,2.0654115648363e-05,4.12865922993127e-06,4.13060872206127e-06,0
"Sample47",0.956863518784763,0.0277082653816023,0.00383980931439053,0.00307430330006394,0.00692637467721304,0.00105846127215781,0.000265358173861987,0.000177410982340714,5.90080452316601e-05,1.96318961965326e-05,3.92789113024001e-06,3.93028104808452e-06,0
"Sample48",0.589903538917984,0.269254945752193,0.0272067166467982,0.0187819573132638,0.0742895465496284,0.01379105973871,0.00338197834286536,0.00228495311874812,0.000753954682481563,0.000250956579934098,5.02016366621554e-05,5.019072073103e-05,0
"Sample49",0.981424082120989,0.0160808891456931,0.00076486687723456,0.000317560394202209,0.00113932256402887,0.000184098438066759,4.45941688843156e-05,3.01331084644152e-05,9.85115016094827e-06,3.28777951807311e-06,6.57133919439664e-07,6.57118838415198e-07,0
"Sample50",0.958811417647297,0.0161592890766345,0.0103607384784511,0.00195954872025694,0.0103688855658879,0.00156475171134909,0.000388239080255929,0.000260236228093615,8.65270359832474e-05,2.88228466829803e-05,5.77300277954877e-06,5.77060632776632e-06,0
